1	1	2
2	4	6
3	3	6
4	3	7
5	3	8
6	3	9
7	3	10
8	2	10
9	2	11
10	3	13
11	2	13
12	2	14
13	4	17
14	2	16
15	4	19
16	3	19
17	1	18
18	3	21
19	3	22
20	2	22
21	4	25
22	2	24
23	1	24
24	2	26
25	1	26
26	2	28
27	3	30
28	2	30
29	2	31
30	2	32
31	4	35
32	2	34
33	4	37
34	3	37
35	1	36
36	1	37
37	2	39
38	1	39
39	2	41
40	3	43
41	2	43
42	3	45
43	3	46
44	1	45
45	4	49
46	2	48
47	2	49
48	2	50
49	3	52
50	2	52
51	2	53
52	2	54
53	2	55
54	3	57
55	3	58
56	4	60
57	3	60
58	3	61
59	3	62
60	3	63
61	3	64
62	3	65
63	3	66
64	2	66
65	3	68
66	3	69
67	4	71
68	2	70
69	2	71
70	2	72
71	3	74
72	2	74
73	1	74
74	4	78
75	2	77
76	3	79
77	2	79
78	3	81
79	3	82
80	3	83
81	3	84
82	3	85
83	3	86
84	1	85
85	1	86
86	2	88
87	4	91
88	3	91
89	1	90
90	2	92
91	4	95
92	2	94
93	3	96
94	2	96
95	3	98
96	3	99
97	2	99
98	2	100
99	3	102
100	3	103
101	2	103
102	2	104
103	4	107
104	2	106
105	3	108
106	3	109
107	1	108
108	2	110
109	2	111
110	2	112
111	3	114
112	2	114
113	2	115
114	3	117
115	1	116
116	3	119
117	2	119
118	3	121
119	1	120
120	2	122
121	3	124
122	3	125
123	3	126
124	1	125
125	3	128
126	2	128
127	3	130
128	3	131
129	3	132
130	4	134
131	2	133
132	3	135
133	2	135
134	3	137
135	4	139
136	3	139
137	2	139
138	4	142
139	3	142
140	3	143
141	2	143
142	4	146
143	2	145
144	2	146
145	2	147
146	3	149
147	1	148
148	1	149
149	3	152
150	3	153
151	3	154
152	3	155
153	1	154
154	3	157
155	3	158
156	4	160
157	1	158
158	3	161
159	2	161
160	2	162
161	1	162
162	1	163
163	1	164
164	2	166
165	3	168
166	2	168
167	4	171
168	2	170
169	1	170
170	2	172
171	2	173
172	4	176
173	3	176
174	2	176
175	2	177
176	2	178
177	4	181
178	4	182
179	3	182
180	2	182
181	1	182
182	2	184
183	3	186
184	4	188
185	3	188
186	3	189
187	2	189
188	2	190
189	1	190
190	2	192
191	2	193
192	3	195
193	1	194
194	2	196
195	4	199
196	4	200
197	2	199
198	2	200
199	2	201
200	2	202
201	1	202
202	4	206
203	1	204
204	3	207
205	3	208
206	3	209
207	3	210
208	3	211
209	3	212
210	1	211
211	4	215
212	3	215
213	3	216
214	4	218
215	4	219
216	3	219
217	2	219
218	1	219
219	3	222
220	2	222
221	2	223
222	3	225
223	2	225
224	2	226
225	2	227
226	4	230
227	2	229
228	4	232
229	3	232
230	2	232
231	1	232
232	2	234
233	4	237
234	2	236
235	3	238
236	3	239
237	1	238
238	3	241
239	3	242
240	1	241
241	3	244
242	3	245
243	3	246
244	4	248
245	2	247
246	1	247
247	2	249
248	2	250
249	4	253
250	2	252
251	3	254
252	2	254
253	2	255
254	4	258
255	1	256
256	4	260
257	3	260
258	4	262
259	1	260
260	4	264
261	1	262
262	4	266
263	1	264
264	3	267
265	1	266
266	2	268
267	3	270
268	2	270
269	3	272
270	4	274
271	2	273
272	1	273
273	3	276
274	2	276
275	4	279
276	4	280
277	2	279
278	3	281
279	1	280
280	3	283
281	2	283
282	3	285
283	2	285
284	4	288
285	1	286
286	3	289
287	4	291
288	2	290
289	1	290
290	2	292
291	2	293
292	2	294
293	1	294
294	1	295
295	1	296
296	4	300
297	4	301
298	4	302
299	3	302
300	2	302
301	3	304
302	1	303
303	3	306
304	3	307
305	3	308
306	2	308
307	4	311
308	3	311
309	2	311
310	1	311
311	3	314
312	4	316
313	3	316
314	2	316
315	2	317
316	3	319
317	3	320
318	3	321
319	4	323
320	2	322
321	1	322
322	4	326
323	3	326
324	2	326
325	3	328
326	2	328
327	2	329
328	3	331
329	3	332
330	2	332
331	4	335
332	2	334
333	2	335
334	2	336
335	4	339
336	3	339
337	2	339
338	2	340
339	3	342
340	2	342
341	4	345
342	3	345
343	2	345
344	2	346
345	1	346
346	2	348
347	1	348
348	1	349
349	2	351
350	2	352
351	2	353
352	4	356
353	2	355
354	4	358
355	2	357
356	1	357
357	3	360
358	2	360
359	4	363
360	4	364
361	3	364
362	2	364
363	3	366
364	3	367
365	3	368
366	2	368
367	3	370
368	4	372
369	4	373
370	4	374
371	4	375
372	2	374
373	2	375
374	3	377
375	3	378
376	3	379
377	4	381
378	2	380
379	3	382
380	2	382
381	2	383
382	2	384
383	3	386
384	3	387
385	2	387
386	4	390
387	4	391
388	4	392
389	3	392
390	2	392
391	3	394
392	3	395
393	4	397
394	2	396
395	4	399
396	2	398
397	3	400
398	1	399
399	3	402
400	3	403
401	1	402
402	3	405
403	3	406
404	1	405
405	4	409
406	3	409
407	3	410
408	2	410
409	3	412
410	2	412
411	2	413
412	3	415
413	1	414
414	1	415
415	4	419
416	2	418
417	2	419
418	4	422
419	3	422
420	2	422
421	2	423
422	4	426
423	3	426
424	4	428
425	4	429
426	3	429
427	3	430
428	2	430
429	1	430
430	2	432
431	3	434
432	3	435
433	2	435
434	1	435
435	1	436
436	1	437
437	2	439
438	4	442
439	4	443
440	1	441
441	4	445
442	2	444
443	3	446
444	1	445
445	4	449
446	4	450
447	2	449
448	4	452
449	3	452
450	3	453
451	4	455
452	3	455
453	2	455
454	3	457
455	3	458
456	2	458
457	1	458
458	3	461
459	3	462
460	1	461
461	2	463
462	4	466
463	2	465
464	3	467
465	3	468
466	2	468
467	2	469
468	2	470
469	1	470
470	2	472
471	2	473
472	3	475
473	2	475
474	2	476
475	3	478
476	2	478
477	4	481
478	2	480
479	2	481
480	1	481
481	3	484
482	1	483
483	4	487
484	2	486
485	2	487
486	3	489
487	2	489
488	3	491
489	2	491
490	3	493
491	1	492
492	1	493
493	1	494
494	3	497
495	1	496
496	2	498
497	2	499
498	3	501
499	2	501
500	2	502
501	2	503
502	2	504
503	3	506
504	2	506
505	2	507
506	3	509
507	2	509
508	1	509
509	4	513
510	3	513
511	1	512
512	2	514
513	1	514
514	2	516
515	3	518
516	1	517
517	4	521
518	2	520
519	2	521
520	3	523
521	4	525
522	1	523
523	1	524
524	3	527
525	1	526
526	3	529
527	3	530
528	3	531
529	4	533
530	2	532
531	4	535
532	2	534
533	2	535
534	4	538
535	3	538
536	3	539
537	4	541
538	4	542
539	1	540
540	2	542
541	3	544
542	2	544
543	3	546
544	2	546
545	2	547
546	1	547
547	1	548
548	3	551
549	2	551
550	2	552
551	1	552
552	3	555
553	3	556
554	1	555
555	2	557
556	2	558
557	2	559
558	3	561
559	1	560
560	2	562
561	4	565
562	3	565
563	1	564
564	3	567
565	2	567
566	1	567
567	2	569
568	2	570
569	3	572
570	2	572
571	2	573
572	3	575
573	2	575
574	2	576
575	2	577
576	3	579
577	2	579
578	2	580
579	1	580
580	3	583
581	4	585
582	3	585
583	3	586
584	3	587
585	3	588
586	2	588
587	3	590
588	4	592
589	4	593
590	2	592
591	4	595
592	4	596
593	3	596
594	3	597
595	3	598
596	2	598
597	2	599
598	2	600
599	2	601
600	4	604
601	1	602
602	3	605
603	4	607
604	4	608
605	2	607
606	1	607
607	1	608
608	2	610
609	4	613
610	1	611
611	3	614
612	3	615
613	4	617
614	2	616
615	3	618
616	3	619
617	3	620
618	2	620
619	4	623
620	2	622
621	1	622
622	4	626
623	2	625
624	3	627
625	3	628
626	2	628
627	1	628
628	3	631
629	4	633
630	2	632
631	4	635
632	4	636
633	3	636
634	2	636
635	3	638
636	3	639
637	4	641
638	2	640
639	4	643
640	2	642
641	3	644
642	2	644
643	4	647
644	3	647
645	4	649
646	3	649
647	1	648
648	2	650
649	2	651
650	3	653
651	3	654
652	3	655
653	4	657
654	2	656
655	3	658
656	3	659
657	3	660
658	1	659
659	1	660
660	3	663
661	2	663
662	3	665
663	3	666
664	3	667
665	2	667
666	2	668
667	4	671
668	4	672
669	1	670
670	3	673
671	2	673
672	2	674
673	3	676
674	3	677
675	2	677
676	2	678
677	4	681
678	1	679
679	2	681
680	4	684
681	2	683
682	4	686
683	2	685
684	2	686
685	4	689
686	2	688
687	2	689
688	1	689
689	1	690
690	2	692
691	3	694
692	4	696
693	3	696
694	3	697
695	2	697
696	3	699
697	3	700
698	2	700
699	2	701
700	3	703
701	1	702
702	4	706
703	3	706
704	2	706
705	2	707
706	3	709
707	2	709
708	2	710
709	2	711
710	3	713
711	2	713
712	2	714
713	1	714
714	3	717
715	1	716
716	3	719
717	2	719
718	2	720
719	4	723
720	4	724
721	3	724
722	2	724
723	2	725
724	2	726
725	3	728
726	1	727
727	3	730
728	3	731
729	3	732
730	3	733
731	2	733
732	4	736
733	1	734
734	2	736
735	2	737
736	3	739
737	3	740
738	3	741
739	3	742
740	3	743
741	1	742
742	3	745
743	2	745
744	4	748
745	1	746
746	3	749
747	1	748
748	3	751
749	4	753
750	1	751
751	3	754
752	2	754
753	2	755
754	2	756
755	2	757
756	2	758
757	2	759
758	4	762
759	3	762
760	2	762
761	1	762
762	2	764
763	3	766
764	2	766
765	4	769
766	4	770
767	1	768
768	3	771
769	3	772
770	3	773
771	3	774
772	2	774
773	3	776
774	4	778
775	3	778
776	3	779
777	1	778
778	2	780
779	1	780
780	4	784
781	2	783
782	3	785
783	4	787
784	1	785
785	2	787
786	2	788
787	1	788
788	4	792
789	1	790
790	4	794
791	4	795
792	1	793
793	4	797
794	2	796
795	1	796
796	2	798
797	4	801
798	1	799
799	4	803
800	1	801
801	4	805
802	3	805
803	3	806
804	4	808
805	3	808
806	3	809
807	3	810
808	1	809
809	2	811
810	2	812
811	3	814
812	2	814
813	3	816
814	2	816
815	2	817
816	4	820
817	4	821
818	4	822
819	2	821
820	1	821
821	2	823
822	3	825
823	2	825
824	1	825
825	4	829
826	1	827
827	2	829
828	2	830
829	3	832
830	3	833
831	3	834
832	4	836
833	1	834
834	3	837
835	2	837
836	3	839
837	2	839
838	1	839
839	2	841
840	2	842
841	2	843
842	2	844
843	2	845
844	2	846
845	3	848
846	2	848
847	2	849
848	2	850
849	3	852
850	2	852
851	4	855
852	4	856
853	1	854
854	2	856
855	3	858
856	4	860
857	4	861
858	2	860
859	2	861
860	3	863
861	1	862
862	1	863
863	2	865
864	2	866
865	3	868
866	2	868
867	2	869
868	4	872
869	2	871
870	1	871
871	3	874
872	3	875
873	3	876
874	3	877
875	4	879
876	3	879
877	3	880
878	3	881
879	1	880
880	2	882
881	3	884
882	2	884
883	3	886
884	2	886
885	3	888
886	1	887
887	1	888
888	2	890
889	3	892
890	3	893
891	3	894
892	3	895
893	1	894
894	3	897
895	2	897
896	2	898
897	2	899
898	3	901
899	3	902
900	2	902
901	2	903
902	4	906
903	3	906
904	2	906
905	1	906
906	4	910
907	3	910
908	2	910
909	1	910
910	1	911
911	2	913
912	1	913
913	3	916
914	4	918
915	2	917
916	2	918
917	2	919
918	2	920
919	2	921
920	3	923
921	2	923
922	3	925
923	4	927
924	4	928
925	4	929
926	2	928
927	3	930
928	3	931
929	2	931
930	3	933
931	2	933
932	2	934
933	2	935
934	4	938
935	2	937
936	1	937
937	3	940
938	2	940
939	3	942
940	3	943
941	1	942
942	3	945
943	3	946
944	1	945
945	2	947
946	4	950
947	1	948
948	2	950
949	3	952
950	2	952
951	1	952
952	4	956
953	2	955
954	2	956
955	1	956
956	3	959
957	2	959
958	2	960
959	2	961
960	2	962
961	3	964
962	2	964
963	3	966
964	3	967
965	1	966
966	3	969
967	3	970
968	3	971
969	4	973
970	3	973
971	3	974
972	3	975
973	4	977
974	1	975
975	3	978
976	1	977
977	3	980
978	3	981
979	3	982
980	2	982
981	3	984
982	1	983
983	2	985
984	2	986
985	2	987
986	3	989
987	2	989
988	2	990
989	3	992
990	4	994
991	2	993
992	2	994
993	1	994
994	2	996
995	4	999
996	3	999
997	4	1001
998	3	1001
999	2	1001
1000	2	1002
1001	3	1004
1002	3	1005
1003	3	1006
1004	1	1005
1005	3	1008
1006	2	1008
1007	4	1011
1008	3	1011
1009	3	1012
1010	2	1012
1011	3	1014
1012	1	1013
1013	3	1016
1014	3	1017
1015	2	1017
1016	4	1020
1017	3	1020
1018	4	1022
1019	3	1022
1020	2	1022
1021	4	1025
1022	2	1024
1023	4	1027
1024	3	1027
1025	1	1026
1026	3	1029
1027	1	1028
1028	2	1030
1029	3	1032
1030	4	1034
1031	3	1034
1032	1	1033
1033	2	1035
1034	1	1035
1035	2	1037
1036	4	1040
1037	3	1040
1038	1	1039
1039	1	1040
1040	4	1044
1041	1	1042
1042	3	1045
1043	3	1046
1044	2	1046
1045	2	1047
1046	1	1047
1047	4	1051
1048	3	1051
1049	1	1050
1050	1	1051
1051	3	1054
1052	3	1055
1053	3	1056
1054	1	1055
1055	3	1058
1056	4	1060
1057	3	1060
1058	3	1061
1059	3	1062
1060	1	1061
1061	2	1063
1062	2	1064
1063	2	1065
1064	4	1068
1065	2	1067
1066	1	1067
1067	2	1069
1068	3	1071
1069	2	1071
1070	2	1072
1071	3	1074
1072	3	1075
1073	2	1075
1074	4	1078
1075	3	1078
1076	2	1078
1077	3	1080
1078	4	1082
1079	2	1081
1080	4	1084
1081	3	1084
1082	3	1085
1083	4	1087
1084	3	1087
1085	1	1086
1086	2	1088
1087	4	1091
1088	2	1090
1089	4	1093
1090	2	1092
1091	3	1094
1092	2	1094
1093	1	1094
1094	3	1097
1095	1	1096
1096	2	1098
1097	1	1098
1098	4	1102
1099	4	1103
1100	3	1103
1101	3	1104
1102	3	1105
1103	4	1107
1104	2	1106
1105	3	1108
1106	1	1107
1107	3	1110
1108	3	1111
1109	2	1111
1110	4	1114
1111	4	1115
1112	1	1113
1113	2	1115
1114	3	1117
1115	2	1117
1116	2	1118
1117	3	1120
1118	2	1120
1119	3	1122
1120	2	1122
1121	2	1123
1122	2	1124
1123	2	1125
1124	1	1125
1125	1	1126
1126	4	1130
1127	2	1129
1128	2	1130
1129	2	1131
1130	3	1133
1131	3	1134
1132	2	1134
1133	2	1135
1134	2	1136
1135	1	1136
1136	3	1139
1137	2	1139
1138	2	1140
1139	2	1141
1140	4	1144
1141	3	1144
1142	2	1144
1143	1	1144
1144	1	1145
1145	2	1147
1146	1	1147
1147	2	1149
1148	4	1152
1149	1	1150
1150	2	1152
1151	3	1154
1152	2	1154
1153	3	1156
1154	3	1157
1155	4	1159
1156	4	1160
1157	3	1160
1158	2	1160
1159	4	1163
1160	2	1162
1161	3	1164
1162	2	1164
1163	2	1165
1164	1	1165
1165	4	1169
1166	2	1168
1167	3	1170
1168	2	1170
1169	1	1170
1170	4	1174
1171	3	1174
1172	3	1175
1173	4	1177
1174	3	1177
1175	2	1177
1176	2	1178
1177	2	1179
1178	4	1182
1179	2	1181
1180	2	1182
1181	2	1183
1182	2	1184
1183	4	1187
1184	2	1186
1185	3	1188
1186	2	1188
1187	4	1191
1188	2	1190
1189	1	1190
1190	3	1193
1191	2	1193
1192	1	1193
1193	2	1195
1194	3	1197
1195	2	1197
1196	2	1198
1197	2	1199
1198	2	1200
1199	3	1202
1200	3	1203
1201	3	1204
1202	4	1206
1203	4	1207
1204	4	1208
1205	2	1207
1206	4	1210
1207	1	1208
1208	2	1210
1209	1	1210
1210	2	1212
1211	3	1214
1212	3	1215
1213	3	1216
1214	4	1218
1215	2	1217
1216	2	1218
1217	1	1218
1218	3	1221
1219	1	1220
1220	3	1223
1221	2	1223
1222	3	1225
1223	3	1226
1224	3	1227
1225	1	1226
1226	3	1229
1227	4	1231
1228	3	1231
1229	2	1231
1230	2	1232
1231	3	1234
1232	2	1234
1233	1	1234
1234	2	1236
1235	2	1237
1236	1	1237
1237	2	1239
1238	3	1241
1239	4	1243
1240	2	1242
1241	2	1243
1242	3	1245
1243	3	1246
1244	4	1248
1245	4	1249
1246	1	1247
1247	2	1249
1248	3	1251
1249	2	1251
1250	3	1253
1251	3	1254
1252	1	1253
1253	3	1256
1254	1	1255
1255	3	1258
1256	3	1259
1257	4	1261
1258	3	1261
1259	2	1261
1260	3	1263
1261	2	1263
1262	3	1265
1263	1	1264
1264	2	1266
1265	2	1267
1266	1	1267
1267	4	1271
1268	2	1270
1269	3	1272
1270	3	1273
1271	3	1274
1272	2	1274
1273	4	1277
1274	1	1275
1275	2	1277
1276	3	1279
1277	3	1280
1278	4	1282
1279	2	1281
1280	3	1283
1281	2	1283
1282	1	1283
1283	3	1286
1284	3	1287
1285	4	1289
1286	3	1289
1287	2	1289
1288	1	1289
1289	4	1293
1290	3	1293
1291	3	1294
1292	4	1296
1293	4	1297
1294	3	1297
1295	4	1299
1296	2	1298
1297	4	1301
1298	3	1301
1299	2	1301
1300	1	1301
1301	2	1303
1302	3	1305
1303	3	1306
1304	4	1308
1305	2	1307
1306	4	1310
1307	3	1310
1308	2	1310
1309	2	1311
1310	3	1313
1311	4	1315
1312	3	1315
1313	2	1315
1314	4	1318
1315	2	1317
1316	3	1319
1317	3	1320
1318	1	1319
1319	2	1321
1320	2	1322
1321	4	1325
1322	1	1323
1323	3	1326
1324	4	1328
1325	1	1326
1326	3	1329
1327	3	1330
1328	4	1332
1329	2	1331
1330	1	1331
1331	2	1333
1332	3	1335
1333	4	1337
1334	2	1336
1335	4	1339
1336	4	1340
1337	2	1339
1338	4	1342
1339	1	1340
1340	2	1342
1341	4	1345
1342	3	1345
1343	2	1345
1344	2	1346
1345	1	1346
1346	3	1349
1347	2	1349
1348	2	1350
1349	2	1351
1350	2	1352
1351	2	1353
1352	2	1354
1353	3	1356
1354	3	1357
1355	4	1359
1356	2	1358
1357	2	1359
1358	2	1360
1359	1	1360
1360	3	1363
1361	3	1364
1362	3	1365
1363	4	1367
1364	2	1366
1365	1	1366
1366	3	1369
1367	2	1369
1368	2	1370
1369	4	1373
1370	3	1373
1371	2	1373
1372	2	1374
1373	2	1375
1374	3	1377
1375	1	1376
1376	2	1378
1377	3	1380
1378	2	1380
1379	2	1381
1380	2	1382
1381	1	1382
1382	3	1385
1383	4	1387
1384	1	1385
1385	3	1388
1386	2	1388
1387	2	1389
1388	3	1391
1389	4	1393
1390	2	1392
1391	1	1392
1392	3	1395
1393	3	1396
1394	4	1398
1395	3	1398
1396	3	1399
1397	3	1400
1398	1	1399
1399	2	1401
1400	3	1403
1401	4	1405
1402	3	1405
1403	3	1406
1404	3	1407
1405	4	1409
1406	4	1410
1407	4	1411
1408	2	1410
1409	3	1412
1410	3	1413
1411	3	1414
1412	3	1415
1413	4	1417
1414	2	1416
1415	2	1417
1416	3	1419
1417	3	1420
1418	3	1421
1419	1	1420
1420	2	1422
1421	2	1423
1422	2	1424
1423	3	1426
1424	3	1427
1425	2	1427
1426	3	1429
1427	1	1428
1428	3	1431
1429	3	1432
1430	2	1432
1431	2	1433
1432	3	1435
1433	3	1436
1434	2	1436
1435	3	1438
1436	1	1437
1437	2	1439
1438	2	1440
1439	2	1441
1440	3	1443
1441	2	1443
1442	1	1443
1443	3	1446
1444	2	1446
1445	2	1447
1446	2	1448
1447	3	1450
1448	3	1451
1449	3	1452
1450	3	1453
1451	3	1454
1452	4	1456
1453	1	1454
1454	3	1457
1455	3	1458
1456	3	1459
1457	2	1459
1458	3	1461
1459	1	1460
1460	3	1463
1461	4	1465
1462	1	1463
1463	2	1465
1464	2	1466
1465	2	1467
1466	3	1469
1467	2	1469
1468	3	1471
1469	3	1472
1470	3	1473
1471	1	1472
1472	4	1476
1473	3	1476
1474	3	1477
1475	3	1478
1476	3	1479
1477	3	1480
1478	3	1481
1479	2	1481
1480	2	1482
1481	3	1484
1482	2	1484
1483	3	1486
1484	3	1487
1485	4	1489
1486	4	1490
1487	2	1489
1488	2	1490
1489	2	1491
1490	3	1493
1491	3	1494
1492	2	1494
1493	2	1495
1494	4	1498
1495	1	1496
1496	2	1498
1497	2	1499
1498	3	1501
1499	3	1502
1500	3	1503
1501	4	1505
1502	3	1505
1503	4	1507
1504	3	1507
1505	2	1507
1506	3	1509
1507	1	1508
1508	2	1510
1509	4	1513
1510	2	1512
1511	2	1513
1512	2	1514
1513	2	1515
1514	1	1515
1515	2	1517
1516	2	1518
1517	2	1519
1518	3	1521
1519	4	1523
1520	2	1522
1521	2	1523
1522	1	1523
1523	1	1524
1524	3	1527
1525	1	1526
1526	1	1527
1527	2	1529
1528	2	1530
1529	3	1532
1530	3	1533
1531	1	1532
1532	3	1535
1533	1	1534
1534	2	1536
1535	4	1539
1536	1	1537
1537	3	1540
1538	3	1541
1539	2	1541
1540	1	1541
1541	3	1544
1542	4	1546
1543	1	1544
1544	4	1548
1545	2	1547
1546	2	1548
1547	2	1549
1548	4	1552
1549	1	1550
1550	3	1553
1551	3	1554
1552	4	1556
1553	2	1555
1554	2	1556
1555	1	1556
1556	3	1559
1557	3	1560
1558	2	1560
1559	1	1560
1560	1	1561
1561	3	1564
1562	2	1564
1563	3	1566
1564	1	1565
1565	4	1569
1566	2	1568
1567	2	1569
1568	2	1570
1569	2	1571
1570	1	1571
1571	1	1572
1572	1	1573
1573	4	1577
1574	3	1577
1575	4	1579
1576	1	1577
1577	2	1579
1578	2	1580
1579	2	1581
1580	2	1582
1581	2	1583
1582	2	1584
1583	2	1585
1584	3	1587
1585	3	1588
1586	3	1589
1587	3	1590
1588	3	1591
1589	3	1592
1590	2	1592
1591	2	1593
1592	2	1594
1593	2	1595
1594	3	1597
1595	1	1596
1596	3	1599
1597	3	1600
1598	4	1602
1599	3	1602
1600	1	1601
1601	3	1604
1602	1	1603
1603	2	1605
1604	3	1607
1605	4	1609
1606	2	1608
1607	3	1610
1608	2	1610
1609	1	1610
1610	3	1613
1611	1	1612
1612	2	1614
1613	3	1616
1614	3	1617
1615	3	1618
1616	2	1618
1617	3	1620
1618	2	1620
1619	1	1620
1620	2	1622
1621	3	1624
1622	3	1625
1623	2	1625
1624	2	1626
1625	2	1627
1626	3	1629
1627	2	1629
1628	2	1630
1629	1	1630
1630	3	1633
1631	3	1634
1632	3	1635
1633	2	1635
1634	2	1636
1635	1	1636
1636	3	1639
1637	2	1639
1638	1	1639
1639	2	1641
1640	1	1641
1641	2	1643
1642	3	1645
1643	1	1644
1644	2	1646
1645	1	1646
1646	4	1650
1647	3	1650
1648	4	1652
1649	4	1653
1650	4	1654
1651	2	1653
1652	3	1655
1653	1	1654
1654	2	1656
1655	2	1657
1656	3	1659
1657	3	1660
1658	2	1660
1659	1	1660
1660	1	1661
1661	3	1664
1662	4	1666
1663	4	1667
1664	2	1666
1665	1	1666
1666	3	1669
1667	2	1669
1668	2	1670
1669	1	1670
1670	4	1674
1671	3	1674
1672	4	1676
1673	1	1674
1674	2	1676
1675	4	1679
1676	3	1679
1677	3	1680
1678	1	1679
1679	3	1682
1680	4	1684
1681	2	1683
1682	1	1683
1683	2	1685
1684	1	1685
1685	2	1687
1686	4	1690
1687	2	1689
1688	3	1691
1689	3	1692
1690	3	1693
1691	3	1694
1692	3	1695
1693	1	1694
1694	3	1697
1695	2	1697
1696	4	1700
1697	3	1700
1698	3	1701
1699	3	1702
1700	2	1702
1701	3	1704
1702	2	1704
1703	3	1706
1704	1	1705
1705	3	1708
1706	4	1710
1707	3	1710
1708	2	1710
1709	4	1713
1710	2	1712
1711	1	1712
1712	3	1715
1713	3	1716
1714	2	1716
1715	3	1718
1716	1	1717
1717	2	1719
1718	4	1722
1719	1	1720
1720	3	1723
1721	2	1723
1722	3	1725
1723	4	1727
1724	1	1725
1725	1	1726
1726	4	1730
1727	4	1731
1728	3	1731
1729	3	1732
1730	1	1731
1731	4	1735
1732	3	1735
1733	3	1736
1734	1	1735
1735	2	1737
1736	2	1738
1737	3	1740
1738	2	1740
1739	1	1740
1740	4	1744
1741	4	1745
1742	2	1744
1743	3	1746
1744	2	1746
1745	3	1748
1746	2	1748
1747	1	1748
1748	1	1749
1749	2	1751
1750	3	1753
1751	3	1754
1752	2	1754
1753	1	1754
1754	4	1758
1755	3	1758
1756	1	1757
1757	1	1758
1758	1	1759
1759	3	1762
1760	4	1764
1761	3	1764
1762	1	1763
1763	1	1764
1764	3	1767
1765	3	1768
1766	2	1768
1767	1	1768
1768	2	1770
1769	4	1773
1770	3	1773
1771	4	1775
1772	3	1775
1773	2	1775
1774	4	1778
1775	3	1778
1776	4	1780
1777	2	1779
1778	4	1782
1779	1	1780
1780	3	1783
1781	3	1784
1782	4	1786
1783	2	1785
1784	2	1786
1785	2	1787
1786	3	1789
1787	2	1789
1788	2	1790
1789	4	1793
1790	4	1794
1791	2	1793
1792	3	1795
1793	3	1796
1794	3	1797
1795	1	1796
1796	4	1800
1797	3	1800
1798	2	1800
1799	2	1801
1800	3	1803
1801	2	1803
1802	4	1806
1803	3	1806
1804	1	1805
1805	3	1808
1806	3	1809
1807	4	1811
1808	2	1810
1809	2	1811
1810	2	1812
1811	4	1815
1812	3	1815
1813	2	1815
1814	2	1816
1815	4	1819
1816	3	1819
1817	2	1819
1818	3	1821
1819	2	1821
1820	2	1822
1821	1	1822
1822	2	1824
1823	3	1826
1824	3	1827
1825	2	1827
1826	4	1830
1827	3	1830
1828	1	1829
1829	3	1832
1830	3	1833
1831	2	1833
1832	2	1834
1833	1	1834
1834	3	1837
1835	4	1839
1836	1	1837
1837	1	1838
1838	4	1842
1839	3	1842
1840	2	1842
1841	1	1842
1842	2	1844
1843	3	1846
1844	2	1846
1845	3	1848
1846	4	1850
1847	2	1849
1848	2	1850
1849	2	1851
1850	2	1852
1851	3	1854
1852	3	1855
1853	2	1855
1854	3	1857
1855	1	1856
1856	2	1858
1857	1	1858
1858	2	1860
1859	1	1860
1860	3	1863
1861	3	1864
1862	2	1864
1863	4	1867
1864	2	1866
1865	1	1866
1866	4	1870
1867	3	1870
1868	3	1871
1869	3	1872
1870	1	1871
1871	2	1873
1872	2	1874
1873	1	1874
1874	3	1877
1875	3	1878
1876	1	1877
1877	3	1880
1878	1	1879
1879	2	1881
1880	4	1884
1881	3	1884
1882	3	1885
1883	2	1885
1884	4	1888
1885	2	1887
1886	4	1890
1887	2	1889
1888	3	1891
1889	3	1892
1890	4	1894
1891	3	1894
1892	2	1894
1893	4	1897
1894	2	1896
1895	3	1898
1896	3	1899
1897	1	1898
1898	3	1901
1899	2	1901
1900	4	1904
1901	4	1905
1902	2	1904
1903	1	1904
1904	4	1908
1905	2	1907
1906	3	1909
1907	1	1908
1908	2	1910
1909	4	1913
1910	3	1913
1911	2	1913
1912	3	1915
1913	2	1915
1914	3	1917
1915	3	1918
1916	3	1919
1917	1	1918
1918	1	1919
1919	3	1922
1920	4	1924
1921	3	1924
1922	4	1926
1923	4	1927
1924	1	1925
1925	3	1928
1926	3	1929
1927	2	1929
1928	2	1930
1929	4	1933
1930	1	1931
1931	2	1933
1932	2	1934
1933	1	1934
1934	2	1936
1935	4	1939
1936	3	1939
1937	1	1938
1938	2	1940
1939	2	1941
1940	1	1941
1941	3	1944
1942	3	1945
1943	3	1946
1944	3	1947
1945	2	1947
1946	4	1950
1947	2	1949
1948	3	1951
1949	2	1951
1950	2	1952
1951	3	1954
1952	1	1953
1953	4	1957
1954	3	1957
1955	1	1956
1956	2	1958
1957	2	1959
1958	3	1961
1959	4	1963
1960	3	1963
1961	1	1962
1962	2	1964
1963	3	1966
1964	2	1966
1965	3	1968
1966	3	1969
1967	2	1969
1968	3	1971
1969	2	1971
1970	2	1972
1971	2	1973
1972	2	1974
1973	3	1976
1974	2	1976
1975	3	1978
1976	1	1977
1977	3	1980
1978	3	1981
1979	2	1981
1980	3	1983
1981	1	1982
1982	4	1986
1983	2	1985
1984	4	1988
1985	2	1987
1986	1	1987
1987	1	1988
1988	1	1989
1989	2	1991
1990	1	1991
1991	4	1995
1992	4	1996
1993	2	1995
1994	3	1997
1995	2	1997
1996	4	2000
1997	3	2000
1998	1	1999
1999	2	2001
2000	3	2003
2001	1	2002
2002	3	2005
2003	3	2006
2004	2	2006
2005	1	2006
2006	1	2007
2007	1	2008
2008	4	2012
2009	3	2012
2010	3	2013
2011	4	2015
2012	3	2015
2013	2	2015
2014	3	2017
2015	2	2017
2016	3	2019
2017	4	2021
2018	2	2020
2019	2	2021
2020	3	2023
2021	3	2024
2022	2	2024
2023	3	2026
2024	4	2028
2025	3	2028
2026	1	2027
2027	4	2031
2028	2	2030
2029	1	2030
2030	2	2032
2031	3	2034
2032	3	2035
2033	1	2034
2034	1	2035
2035	3	2038
2036	4	2040
2037	2	2039
2038	2	2040
2039	3	2042
2040	1	2041
2041	2	2043
2042	4	2046
2043	2	2045
2044	1	2045
2045	2	2047
2046	1	2047
2047	3	2050
2048	2	2050
2049	3	2052
2050	3	2053
2051	3	2054
2052	2	2054
2053	4	2057
2054	3	2057
2055	2	2057
2056	3	2059
2057	1	2058
2058	2	2060
2059	3	2062
2060	2	2062
2061	2	2063
2062	3	2065
2063	1	2064
2064	4	2068
2065	2	2067
2066	2	2068
2067	2	2069
2068	3	2071
2069	1	2070
2070	1	2071
2071	2	2073
2072	2	2074
2073	2	2075
2074	3	2077
2075	1	2076
2076	3	2079
2077	2	2079
2078	3	2081
2079	3	2082
2080	2	2082
2081	3	2084
2082	2	2084
2083	3	2086
2084	3	2087
2085	3	2088
2086	3	2089
2087	2	2089
2088	2	2090
2089	1	2090
2090	1	2091
2091	4	2095
2092	1	2093
2093	3	2096
2094	3	2097
2095	2	2097
2096	3	2099
2097	1	2098
2098	3	2101
2099	2	2101
2100	3	2103
2101	3	2104
2102	2	2104
2103	3	2106
2104	3	2107
2105	4	2109
2106	2	2108
2107	4	2111
2108	1	2109
2109	1	2110
2110	1	2111
2111	1	2112
2112	1	2113
2113	2	2115
2114	3	2117
2115	2	2117
2116	3	2119
2117	4	2121
2118	4	2122
2119	3	2122
2120	2	2122
2121	2	2123
2122	2	2124
2123	3	2126
2124	3	2127
2125	3	2128
2126	3	2129
2127	1	2128
2128	4	2132
2129	3	2132
2130	1	2131
2131	2	2133
2132	2	2134
2133	3	2136
2134	3	2137
2135	2	2137
2136	2	2138
2137	2	2139
2138	4	2142
2139	3	2142
2140	3	2143
2141	2	2143
2142	2	2144
2143	1	2144
2144	2	2146
2145	2	2147
2146	2	2148
2147	3	2150
2148	1	2149
2149	2	2151
2150	1	2151
2151	2	2153
2152	2	2154
2153	1	2154
2154	3	2157
2155	2	2157
2156	4	2160
2157	1	2158
2158	3	2161
2159	4	2163
2160	3	2163
2161	2	2163
2162	3	2165
2163	3	2166
2164	3	2167
2165	2	2167
2166	4	2170
2167	1	2168
2168	4	2172
2169	3	2172
2170	2	2172
2171	2	2173
2172	3	2175
2173	3	2176
2174	2	2176
2175	3	2178
2176	2	2178
2177	1	2178
2178	3	2181
2179	3	2182
2180	2	2182
2181	4	2185
2182	2	2184
2183	2	2185
2184	3	2187
2185	3	2188
2186	2	2188
2187	3	2190
2188	3	2191
2189	3	2192
2190	3	2193
2191	2	2193
2192	3	2195
2193	2	2195
2194	3	2197
2195	3	2198
2196	4	2200
2197	3	2200
2198	2	2200
2199	3	2202
2200	2	2202
2201	3	2204
2202	3	2205
2203	4	2207
2204	4	2208
2205	3	2208
2206	2	2208
2207	4	2211
2208	3	2211
2209	4	2213
2210	1	2211
2211	4	2215
2212	4	2216
2213	4	2217
2214	2	2216
2215	2	2217
2216	3	2219
2217	2	2219
2218	2	2220
2219	3	2222
2220	2	2222
2221	2	2223
2222	3	2225
2223	2	2225
2224	4	2228
2225	3	2228
2226	2	2228
2227	3	2230
2228	2	2230
2229	4	2233
2230	1	2231
2231	1	2232
2232	4	2236
2233	3	2236
2234	1	2235
2235	3	2238
2236	1	2237
2237	2	2239
2238	3	2241
2239	3	2242
2240	2	2242
2241	1	2242
2242	3	2245
2243	2	2245
2244	2	2246
2245	2	2247
2246	2	2248
2247	4	2251
2248	1	2249
2249	4	2253
2250	2	2252
2251	3	2254
2252	3	2255
2253	4	2257
2254	2	2256
2255	1	2256
2256	2	2258
2257	3	2260
2258	2	2260
2259	3	2262
2260	3	2263
2261	1	2262
2262	2	2264
2263	3	2266
2264	2	2266
2265	2	2267
2266	3	2269
2267	4	2271
2268	3	2271
2269	2	2271
2270	4	2274
2271	3	2274
2272	2	2274
2273	3	2276
2274	4	2278
2275	1	2276
2276	1	2277
2277	1	2278
2278	4	2282
2279	3	2282
2280	2	2282
2281	3	2284
2282	3	2285
2283	4	2287
2284	4	2288
2285	3	2288
2286	3	2289
2287	3	2290
2288	2	2290
2289	2	2291
2290	1	2291
2291	3	2294
2292	3	2295
2293	4	2297
2294	3	2297
2295	3	2298
2296	2	2298
2297	3	2300
2298	4	2302
2299	2	2301
2300	3	2303
2301	2	2303
2302	2	2304
2303	1	2304
2304	3	2307
2305	4	2309
2306	4	2310
2307	4	2311
2308	1	2309
2309	1	2310
2310	3	2313
2311	1	2312
2312	3	2315
2313	4	2317
2314	2	2316
2315	2	2317
2316	3	2319
2317	1	2318
2318	2	2320
2319	1	2320
2320	3	2323
2321	3	2324
2322	4	2326
2323	4	2327
2324	3	2327
2325	1	2326
2326	4	2330
2327	3	2330
2328	2	2330
2329	1	2330
2330	2	2332
2331	2	2333
2332	1	2333
2333	3	2336
2334	3	2337
2335	4	2339
2336	1	2337
2337	1	2338
2338	2	2340
2339	3	2342
2340	4	2344
2341	4	2345
2342	1	2343
2343	3	2346
2344	2	2346
2345	3	2348
2346	2	2348
2347	1	2348
2348	1	2349
2349	4	2353
2350	1	2351
2351	1	2352
2352	2	2354
2353	2	2355
2354	3	2357
2355	2	2357
2356	3	2359
2357	1	2358
2358	1	2359
2359	4	2363
2360	1	2361
2361	2	2363
2362	3	2365
2363	3	2366
2364	3	2367
2365	2	2367
2366	3	2369
2367	2	2369
2368	2	2370
2369	2	2371
2370	1	2371
2371	4	2375
2372	2	2374
2373	4	2377
2374	2	2376
2375	4	2379
2376	1	2377
2377	3	2380
2378	1	2379
2379	2	2381
2380	2	2382
2381	2	2383
2382	2	2384
2383	2	2385
2384	4	2388
2385	2	2387
2386	3	2389
2387	2	2389
2388	1	2389
2389	3	2392
2390	1	2391
2391	2	2393
2392	3	2395
2393	2	2395
2394	2	2396
2395	1	2396
2396	2	2398
2397	2	2399
2398	2	2400
2399	3	2402
2400	4	2404
2401	4	2405
2402	1	2403
2403	2	2405
2404	2	2406
2405	1	2406
2406	3	2409
2407	4	2411
2408	3	2411
2409	1	2410
2410	3	2413
2411	3	2414
2412	3	2415
2413	1	2414
2414	3	2417
2415	3	2418
2416	2	2418
2417	2	2419
2418	4	2422
2419	3	2422
2420	2	2422
2421	3	2424
2422	3	2425
2423	2	2425
2424	4	2428
2425	3	2428
2426	2	2428
2427	3	2430
2428	3	2431
2429	3	2432
2430	2	2432
2431	4	2435
2432	4	2436
2433	2	2435
2434	4	2438
2435	2	2437
2436	4	2440
2437	2	2439
2438	3	2441
2439	3	2442
2440	2	2442
2441	3	2444
2442	2	2444
2443	3	2446
2444	3	2447
2445	1	2446
2446	3	2449
2447	3	2450
2448	3	2451
2449	1	2450
2450	1	2451
2451	2	2453
2452	1	2453
2453	2	2455
2454	4	2458
2455	2	2457
2456	3	2459
2457	4	2461
2458	3	2461
2459	2	2461
2460	4	2464
2461	1	2462
2462	2	2464
2463	3	2466
2464	3	2467
2465	2	2467
2466	2	2468
2467	4	2471
2468	4	2472
2469	2	2471
2470	2	2472
2471	2	2473
2472	1	2473
2473	1	2474
2474	2	2476
2475	3	2478
2476	4	2480
2477	2	2479
2478	2	2480
2479	1	2480
2480	1	2481
2481	2	2483
2482	2	2484
2483	4	2487
2484	3	2487
2485	2	2487
2486	3	2489
2487	1	2488
2488	3	2491
2489	4	2493
2490	1	2491
2491	4	2495
2492	2	2494
2493	4	2497
2494	1	2495
2495	2	2497
2496	2	2498
2497	2	2499
2498	1	2499
2499	2	2501
2500	2	2502
2501	2	2503
2502	3	2505
2503	2	2505
2504	4	2508
2505	3	2508
2506	2	2508
2507	4	2511
2508	3	2511
2509	3	2512
2510	2	2512
2511	1	2512
2512	2	2514
2513	3	2516
2514	1	2515
2515	2	2517
2516	1	2517
2517	4	2521
2518	2	2520
2519	4	2523
2520	2	2522
2521	1	2522
2522	1	2523
2523	1	2524
2524	3	2527
2525	4	2529
2526	1	2527
2527	2	2529
2528	4	2532
2529	3	2532
2530	3	2533
2531	1	2532
2532	2	2534
2533	3	2536
2534	4	2538
2535	4	2539
2536	4	2540
2537	4	2541
2538	3	2541
2539	4	2543
2540	2	2542
2541	3	2544
2542	3	2545
2543	2	2545
2544	3	2547
2545	2	2547
2546	3	2549
2547	4	2551
2548	2	2550
2549	3	2552
2550	3	2553
2551	2	2553
2552	1	2553
2553	1	2554
2554	2	2556
2555	4	2559
2556	1	2557
2557	3	2560
2558	3	2561
2559	2	2561
2560	3	2563
2561	1	2562
2562	3	2565
2563	3	2566
2564	3	2567
2565	2	2567
2566	1	2567
2567	1	2568
2568	2	2570
2569	1	2570
2570	2	2572
2571	2	2573
2572	4	2576
2573	3	2576
2574	3	2577
2575	2	2577
2576	3	2579
2577	1	2578
2578	3	2581
2579	3	2582
2580	3	2583
2581	3	2584
2582	4	2586
2583	3	2586
2584	3	2587
2585	2	2587
2586	3	2589
2587	3	2590
2588	2	2590
2589	3	2592
2590	2	2592
2591	3	2594
2592	3	2595
2593	3	2596
2594	3	2597
2595	1	2596
2596	3	2599
2597	1	2598
2598	4	2602
2599	2	2601
2600	2	2602
2601	1	2602
2602	3	2605
2603	2	2605
2604	2	2606
2605	3	2608
2606	4	2610
2607	3	2610
2608	1	2609
2609	4	2613
2610	1	2611
2611	3	2614
2612	4	2616
2613	2	2615
2614	3	2617
2615	2	2617
2616	3	2619
2617	3	2620
2618	3	2621
2619	2	2621
2620	3	2623
2621	1	2622
2622	4	2626
2623	4	2627
2624	4	2628
2625	2	2627
2626	3	2629
2627	2	2629
2628	3	2631
2629	4	2633
2630	3	2633
2631	4	2635
2632	3	2635
2633	3	2636
2634	4	2638
2635	1	2636
2636	1	2637
2637	4	2641
2638	2	2640
2639	2	2641
2640	2	2642
2641	3	2644
2642	2	2644
2643	2	2645
2644	1	2645
2645	2	2647
2646	3	2649
2647	1	2648
2648	2	2650
2649	2	2651
2650	2	2652
2651	4	2655
2652	3	2655
2653	3	2656
2654	2	2656
2655	2	2657
2656	4	2660
2657	1	2658
2658	3	2661
2659	2	2661
2660	2	2662
2661	2	2663
2662	3	2665
2663	3	2666
2664	1	2665
2665	2	2667
2666	1	2667
2667	3	2670
2668	3	2671
2669	2	2671
2670	3	2673
2671	2	2673
2672	3	2675
2673	3	2676
2674	2	2676
2675	3	2678
2676	4	2680
2677	2	2679
2678	2	2680
2679	3	2682
2680	1	2681
2681	1	2682
2682	1	2683
2683	3	2686
2684	2	2686
2685	2	2687
2686	2	2688
2687	2	2689
2688	3	2691
2689	3	2692
2690	3	2693
2691	2	2693
2692	3	2695
2693	2	2695
2694	1	2695
2695	4	2699
2696	4	2700
2697	2	2699
2698	4	2702
2699	4	2703
2700	2	2702
2701	2	2703
2702	1	2703
2703	1	2704
2704	2	2706
2705	3	2708
2706	3	2709
2707	1	2708
2708	2	2710
2709	2	2711
2710	2	2712
2711	3	2714
2712	3	2715
2713	1	2714
2714	2	2716
2715	4	2719
2716	4	2720
2717	3	2720
2718	3	2721
2719	2	2721
2720	2	2722
2721	3	2724
2722	3	2725
2723	4	2727
2724	3	2727
2725	3	2728
2726	1	2727
2727	3	2730
2728	3	2731
2729	2	2731
2730	3	2733
2731	4	2735
2732	4	2736
2733	1	2734
2734	2	2736
2735	2	2737
2736	3	2739
2737	4	2741
2738	2	2740
2739	3	2742
2740	2	2742
2741	1	2742
2742	3	2745
2743	3	2746
2744	3	2747
2745	3	2748
2746	1	2747
2747	3	2750
2748	3	2751
2749	1	2750
2750	3	2753
2751	1	2752
2752	4	2756
2753	2	2755
2754	3	2757
2755	2	2757
2756	3	2759
2757	1	2758
2758	2	2760
2759	3	2762
2760	1	2761
2761	4	2765
2762	3	2765
2763	3	2766
2764	2	2766
2765	3	2768
2766	1	2767
2767	1	2768
2768	3	2771
2769	4	2773
2770	3	2773
2771	2	2773
2772	3	2775
2773	2	2775
2774	2	2776
2775	3	2778
2776	3	2779
2777	2	2779
2778	3	2781
2779	2	2781
2780	3	2783
2781	3	2784
2782	1	2783
2783	4	2787
2784	3	2787
2785	1	2786
2786	1	2787
2787	1	2788
2788	3	2791
2789	3	2792
2790	2	2792
2791	3	2794
2792	2	2794
2793	2	2795
2794	4	2798
2795	1	2796
2796	3	2799
2797	1	2798
2798	2	2800
2799	1	2800
2800	2	2802
2801	1	2802
2802	2	2804
2803	3	2806
2804	4	2808
2805	3	2808
2806	2	2808
2807	1	2808
2808	4	2812
2809	3	2812
2810	3	2813
2811	3	2814
2812	2	2814
2813	3	2816
2814	3	2817
2815	2	2817
2816	3	2819
2817	3	2820
2818	3	2821
2819	1	2820
2820	3	2823
2821	2	2823
2822	1	2823
2823	4	2827
2824	1	2825
2825	3	2828
2826	3	2829
2827	4	2831
2828	3	2831
2829	2	2831
2830	4	2834
2831	2	2833
2832	2	2834
2833	3	2836
2834	2	2836
2835	3	2838
2836	2	2838
2837	3	2840
2838	3	2841
2839	2	2841
2840	3	2843
2841	2	2843
2842	1	2843
2843	2	2845
2844	2	2846
2845	2	2847
2846	4	2850
2847	2	2849
2848	2	2850
2849	4	2853
2850	3	2853
2851	2	2853
2852	3	2855
2853	3	2856
2854	4	2858
2855	4	2859
2856	2	2858
2857	2	2859
2858	2	2860
2859	2	2861
2860	2	2862
2861	4	2865
2862	2	2864
2863	3	2866
2864	4	2868
2865	4	2869
2866	3	2869
2867	4	2871
2868	2	2870
2869	3	2872
2870	2	2872
2871	1	2872
2872	3	2875
2873	4	2877
2874	4	2878
2875	4	2879
2876	3	2879
2877	4	2881
2878	4	2882
2879	2	2881
2880	4	2884
2881	3	2884
2882	3	2885
2883	3	2886
2884	3	2887
2885	2	2887
2886	1	2887
2887	3	2890
2888	3	2891
2889	3	2892
2890	4	2894
2891	1	2892
2892	2	2894
2893	3	2896
2894	3	2897
2895	4	2899
2896	2	2898
2897	3	2900
2898	3	2901
2899	3	2902
2900	3	2903
2901	2	2903
2902	3	2905
2903	2	2905
2904	3	2907
2905	4	2909
2906	3	2909
2907	4	2911
2908	4	2912
2909	2	2911
2910	4	2914
2911	3	2914
2912	4	2916
2913	2	2915
2914	3	2917
2915	3	2918
2916	3	2919
2917	2	2919
2918	2	2920
2919	3	2922
2920	3	2923
2921	4	2925
2922	2	2924
2923	1	2924
2924	2	2926
2925	2	2927
2926	3	2929
2927	2	2929
2928	3	2931
2929	3	2932
2930	2	2932
2931	2	2933
2932	2	2934
2933	3	2936
2934	2	2936
2935	4	2939
2936	3	2939
2937	4	2941
2938	4	2942
2939	2	2941
2940	2	2942
2941	2	2943
2942	1	2943
2943	3	2946
2944	3	2947
2945	3	2948
2946	3	2949
2947	3	2950
2948	1	2949
2949	4	2953
2950	4	2954
2951	2	2953
2952	3	2955
2953	1	2954
2954	2	2956
2955	4	2959
2956	3	2959
2957	2	2959
2958	3	2961
2959	3	2962
2960	4	2964
2961	2	2963
2962	3	2965
2963	2	2965
2964	2	2966
2965	4	2969
2966	2	2968
2967	2	2969
2968	2	2970
2969	2	2971
2970	3	2973
2971	1	2972
2972	4	2976
2973	3	2976
2974	3	2977
2975	2	2977
2976	3	2979
2977	2	2979
2978	3	2981
2979	1	2980
2980	3	2983
2981	3	2984
2982	1	2983
2983	3	2986
2984	3	2987
2985	2	2987
2986	1	2987
2987	3	2990
2988	4	2992
2989	3	2992
2990	3	2993
2991	3	2994
2992	1	2993
2993	2	2995
2994	1	2995
2995	2	2997
2996	4	3000
2997	4	3001
2998	4	3002
2999	3	3002
3000	2	3002
3001	4	3005
3002	3	3005
3003	4	3007
3004	1	3005
3005	2	3007
3006	2	3008
3007	3	3010
3008	2	3010
3009	3	3012
3010	2	3012
3011	1	3012
3012	1	3013
3013	3	3016
3014	1	3015
3015	2	3017
3016	1	3017
3017	3	3020
3018	2	3020
3019	3	3022
3020	2	3022
3021	3	3024
3022	3	3025
3023	3	3026
3024	2	3026
3025	2	3027
3026	1	3027
3027	3	3030
3028	2	3030
3029	1	3030
3030	2	3032
3031	4	3035
3032	1	3033
3033	3	3036
3034	3	3037
3035	3	3038
3036	3	3039
3037	2	3039
3038	3	3041
3039	3	3042
3040	1	3041
3041	3	3044
3042	4	3046
3043	3	3046
3044	2	3046
3045	3	3048
3046	3	3049
3047	1	3048
3048	4	3052
3049	3	3052
3050	1	3051
3051	4	3055
3052	1	3053
3053	2	3055
3054	3	3057
3055	4	3059
3056	3	3059
3057	2	3059
3058	3	3061
3059	1	3060
3060	2	3062
3061	1	3062
3062	4	3066
3063	3	3066
3064	2	3066
3065	2	3067
3066	2	3068
3067	2	3069
3068	4	3072
3069	3	3072
3070	2	3072
3071	1	3072
3072	2	3074
3073	2	3075
3074	3	3077
3075	2	3077
3076	4	3080
3077	3	3080
3078	1	3079
3079	3	3082
3080	2	3082
3081	1	3082
3082	4	3086
3083	4	3087
3084	2	3086
3085	3	3088
3086	3	3089
3087	3	3090
3088	2	3090
3089	1	3090
3090	3	3093
3091	4	3095
3092	3	3095
3093	3	3096
3094	2	3096
3095	4	3099
3096	2	3098
3097	2	3099
3098	2	3100
3099	2	3101
3100	4	3104
3101	3	3104
3102	3	3105
3103	1	3104
3104	3	3107
3105	2	3107
3106	3	3109
3107	1	3108
3108	2	3110
3109	1	3110
3110	4	3114
3111	1	3112
3112	3	3115
3113	4	3117
3114	3	3117
3115	4	3119
3116	3	3119
3117	2	3119
3118	1	3119
3119	3	3122
3120	3	3123
3121	2	3123
3122	4	3126
3123	4	3127
3124	3	3127
3125	1	3126
3126	1	3127
3127	3	3130
3128	1	3129
3129	2	3131
3130	2	3132
3131	4	3135
3132	4	3136
3133	1	3134
3134	1	3135
3135	4	3139
3136	2	3138
3137	1	3138
3138	3	3141
3139	3	3142
3140	3	3143
3141	2	3143
3142	3	3145
3143	2	3145
3144	4	3148
3145	1	3146
3146	2	3148
3147	2	3149
3148	3	3151
3149	2	3151
3150	2	3152
3151	4	3155
3152	4	3156
3153	3	3156
3154	4	3158
3155	2	3157
3156	1	3157
3157	3	3160
3158	2	3160
3159	3	3162
3160	3	3163
3161	2	3163
3162	3	3165
3163	3	3166
3164	3	3167
3165	4	3169
3166	4	3170
3167	4	3171
3168	2	3170
3169	2	3171
3170	1	3171
3171	3	3174
3172	2	3174
3173	2	3175
3174	2	3176
3175	2	3177
3176	3	3179
3177	3	3180
3178	4	3182
3179	2	3181
3180	2	3182
3181	1	3182
3182	3	3185
3183	1	3184
3184	2	3186
3185	4	3189
3186	3	3189
3187	2	3189
3188	2	3190
3189	3	3192
3190	3	3193
3191	2	3193
3192	4	3196
3193	4	3197
3194	2	3196
3195	3	3198
3196	3	3199
3197	2	3199
3198	1	3199
3199	3	3202
3200	3	3203
3201	3	3204
3202	2	3204
3203	1	3204
3204	2	3206
3205	4	3209
3206	2	3208
3207	3	3210
3208	2	3210
3209	1	3210
3210	4	3214
3211	4	3215
3212	3	3215
3213	2	3215
3214	3	3217
3215	3	3218
3216	2	3218
3217	2	3219
3218	3	3221
3219	3	3222
3220	3	3223
3221	4	3225
3222	3	3225
3223	3	3226
3224	3	3227
3225	4	3229
3226	4	3230
3227	3	3230
3228	1	3229
3229	4	3233
3230	2	3232
3231	3	3234
3232	2	3234
3233	3	3236
3234	1	3235
3235	2	3237
3236	3	3239
3237	3	3240
3238	1	3239
3239	3	3242
3240	3	3243
3241	2	3243
3242	3	3245
3243	3	3246
3244	3	3247
3245	2	3247
3246	2	3248
3247	2	3249
3248	3	3251
3249	3	3252
3250	2	3252
3251	2	3253
3252	4	3256
3253	3	3256
3254	2	3256
3255	3	3258
3256	3	3259
3257	2	3259
3258	2	3260
3259	2	3261
3260	1	3261
3261	2	3263
3262	1	3263
3263	1	3264
3264	3	3267
3265	3	3268
3266	4	3270
3267	4	3271
3268	3	3271
3269	3	3272
3270	1	3271
3271	1	3272
3272	4	3276
3273	2	3275
3274	4	3278
3275	4	3279
3276	2	3278
3277	4	3281
3278	3	3281
3279	4	3283
3280	2	3282
3281	3	3284
3282	3	3285
3283	3	3286
3284	1	3285
3285	1	3286
3286	1	3287
3287	2	3289
3288	3	3291
3289	4	3293
3290	4	3294
3291	3	3294
3292	2	3294
3293	2	3295
3294	3	3297
3295	4	3299
3296	2	3298
3297	2	3299
3298	2	3300
3299	3	3302
3300	3	3303
3301	2	3303
3302	3	3305
3303	1	3304
3304	3	3307
3305	1	3306
3306	2	3308
3307	2	3309
3308	4	3312
3309	2	3311
3310	2	3312
3311	3	3314
3312	1	3313
3313	4	3317
3314	2	3316
3315	2	3317
3316	3	3319
3317	4	3321
3318	2	3320
3319	3	3322
3320	3	3323
3321	2	3323
3322	3	3325
3323	3	3326
3324	2	3326
3325	4	3329
3326	4	3330
3327	2	3329
3328	3	3331
3329	4	3333
3330	2	3332
3331	3	3334
3332	2	3334
3333	1	3334
3334	2	3336
3335	2	3337
3336	2	3338
3337	3	3340
3338	3	3341
3339	2	3341
3340	3	3343
3341	3	3344
3342	2	3344
3343	3	3346
3344	4	3348
3345	3	3348
3346	4	3350
3347	1	3348
3348	3	3351
3349	1	3350
3350	3	3353
3351	2	3353
3352	4	3356
3353	2	3355
3354	4	3358
3355	4	3359
3356	2	3358
3357	3	3360
3358	2	3360
3359	3	3362
3360	4	3364
3361	2	3363
3362	4	3366
3363	1	3364
3364	1	3365
3365	3	3368
3366	2	3368
3367	1	3368
3368	3	3371
3369	3	3372
3370	1	3371
3371	2	3373
3372	3	3375
3373	3	3376
3374	2	3376
3375	4	3379
3376	3	3379
3377	2	3379
3378	1	3379
3379	1	3380
3380	2	3382
3381	1	3382
3382	3	3385
3383	1	3384
3384	1	3385
3385	3	3388
3386	3	3389
3387	4	3391
3388	2	3390
3389	2	3391
3390	3	3393
3391	3	3394
3392	2	3394
3393	4	3397
3394	3	3397
3395	1	3396
3396	3	3399
3397	3	3400
3398	3	3401
3399	2	3401
3400	3	3403
3401	1	3402
3402	4	3406
3403	3	3406
3404	4	3408
3405	1	3406
3406	2	3408
3407	4	3411
3408	3	3411
3409	3	3412
3410	4	3414
3411	4	3415
3412	1	3413
3413	3	3416
3414	3	3417
3415	2	3417
3416	1	3417
3417	2	3419
3418	4	3422
3419	4	3423
3420	1	3421
3421	2	3423
3422	1	3423
3423	4	3427
3424	3	3427
3425	3	3428
3426	2	3428
3427	4	3431
3428	2	3430
3429	1	3430
3430	3	3433
3431	3	3434
3432	3	3435
3433	3	3436
3434	2	3436
3435	1	3436
3436	3	3439
3437	4	3441
3438	1	3439
3439	3	3442
3440	3	3443
3441	3	3444
3442	3	3445
3443	4	3447
3444	3	3447
3445	3	3448
3446	3	3449
3447	3	3450
3448	2	3450
3449	4	3453
3450	2	3452
3451	4	3455
3452	3	3455
3453	2	3455
3454	2	3456
3455	3	3458
3456	1	3457
3457	2	3459
3458	2	3460
3459	3	3462
3460	2	3462
3461	2	3463
3462	2	3464
3463	2	3465
3464	3	3467
3465	4	3469
3466	3	3469
3467	3	3470
3468	3	3471
3469	3	3472
3470	4	3474
3471	2	3473
3472	3	3475
3473	2	3475
3474	1	3475
3475	1	3476
3476	1	3477
3477	3	3480
3478	2	3480
3479	3	3482
3480	1	3481
3481	3	3484
3482	2	3484
3483	4	3487
3484	3	3487
3485	4	3489
3486	3	3489
3487	2	3489
3488	2	3490
3489	3	3492
3490	2	3492
3491	4	3495
3492	1	3493
3493	2	3495
3494	3	3497
3495	3	3498
3496	2	3498
3497	4	3501
3498	2	3500
3499	3	3502
3500	1	3501
3501	3	3504
3502	2	3504
3503	4	3507
3504	3	3507
3505	3	3508
3506	3	3509
3507	4	3511
3508	3	3511
3509	2	3511
3510	1	3511
3511	1	3512
3512	4	3516
3513	2	3515
3514	2	3516
3515	4	3519
3516	3	3519
3517	3	3520
3518	4	3522
3519	1	3520
3520	3	3523
3521	4	3525
3522	2	3524
3523	4	3527
3524	3	3527
3525	2	3527
3526	2	3528
3527	4	3531
3528	2	3530
3529	2	3531
3530	3	3533
3531	3	3534
3532	2	3534
3533	3	3536
3534	2	3536
3535	3	3538
3536	2	3538
3537	3	3540
3538	2	3540
3539	4	3543
3540	2	3542
3541	2	3543
3542	1	3543
3543	2	3545
3544	3	3547
3545	3	3548
3546	4	3550
3547	3	3550
3548	4	3552
3549	3	3552
3550	2	3552
3551	4	3555
3552	3	3555
3553	1	3554
3554	2	3556
3555	3	3558
3556	2	3558
3557	1	3558
3558	2	3560
3559	2	3561
3560	4	3564
3561	3	3564
3562	2	3564
3563	2	3565
3564	4	3568
3565	4	3569
3566	1	3567
3567	3	3570
3568	2	3570
3569	1	3570
3570	2	3572
3571	3	3574
3572	1	3573
3573	4	3577
3574	1	3575
3575	4	3579
3576	3	3579
3577	2	3579
3578	2	3580
3579	2	3581
3580	4	3584
3581	1	3582
3582	4	3586
3583	1	3584
3584	1	3585
3585	1	3586
3586	4	3590
3587	2	3589
3588	1	3589
3589	2	3591
3590	3	3593
3591	2	3593
3592	4	3596
3593	1	3594
3594	3	3597
3595	2	3597
3596	2	3598
3597	3	3600
3598	2	3600
3599	2	3601
3600	2	3602
3601	3	3604
3602	4	3606
3603	3	3606
3604	3	3607
3605	2	3607
3606	3	3609
3607	4	3611
3608	4	3612
3609	3	3612
3610	3	3613
3611	4	3615
3612	3	3615
3613	4	3617
3614	3	3617
3615	2	3617
3616	3	3619
3617	3	3620
3618	3	3621
3619	4	3623
3620	4	3624
3621	3	3624
3622	1	3623
3623	4	3627
3624	3	3627
3625	3	3628
3626	1	3627
3627	2	3629
3628	4	3632
3629	1	3630
3630	4	3634
3631	3	3634
3632	2	3634
3633	3	3636
3634	2	3636
3635	3	3638
3636	3	3639
3637	3	3640
3638	4	3642
3639	1	3640
3640	2	3642
3641	4	3645
3642	2	3644
3643	1	3644
3644	3	3647
3645	1	3646
3646	4	3650
3647	4	3651
3648	1	3649
3649	3	3652
3650	4	3654
3651	3	3654
3652	2	3654
3653	2	3655
3654	3	3657
3655	4	3659
3656	4	3660
3657	2	3659
3658	2	3660
3659	3	3662
3660	3	3663
3661	2	3663
3662	4	3666
3663	2	3665
3664	3	3667
3665	2	3667
3666	1	3667
3667	4	3671
3668	2	3670
3669	3	3672
3670	3	3673
3671	2	3673
3672	2	3674
3673	4	3677
3674	3	3677
3675	2	3677
3676	2	3678
3677	2	3679
3678	2	3680
3679	3	3682
3680	3	3683
3681	4	3685
3682	2	3684
3683	4	3687
3684	4	3688
3685	2	3687
3686	2	3688
3687	3	3690
3688	3	3691
3689	1	3690
3690	2	3692
3691	2	3693
3692	1	3693
3693	1	3694
3694	2	3696
3695	2	3697
3696	1	3697
3697	3	3700
3698	4	3702
3699	1	3700
3700	4	3704
3701	2	3703
3702	1	3703
3703	2	3705
3704	3	3707
3705	3	3708
3706	1	3707
3707	2	3709
3708	2	3710
3709	3	3712
3710	2	3712
3711	3	3714
3712	2	3714
3713	3	3716
3714	3	3717
3715	3	3718
3716	1	3717
3717	2	3719
3718	3	3721
3719	3	3722
3720	2	3722
3721	3	3724
3722	2	3724
3723	3	3726
3724	3	3727
3725	1	3726
3726	3	3729
3727	1	3728
3728	4	3732
3729	3	3732
3730	2	3732
3731	4	3735
3732	4	3736
3733	2	3735
3734	3	3737
3735	2	3737
3736	3	3739
3737	3	3740
3738	3	3741
3739	4	3743
3740	2	3742
3741	3	3744
3742	4	3746
3743	2	3745
3744	3	3747
3745	1	3746
3746	3	3749
3747	4	3751
3748	3	3751
3749	2	3751
3750	2	3752
3751	3	3754
3752	3	3755
3753	2	3755
3754	3	3757
3755	3	3758
3756	1	3757
3757	3	3760
3758	1	3759
3759	4	3763
3760	2	3762
3761	2	3763
3762	3	3765
3763	1	3764
3764	1	3765
3765	3	3768
3766	3	3769
3767	3	3770
3768	3	3771
3769	3	3772
3770	3	3773
3771	4	3775
3772	2	3774
3773	2	3775
3774	2	3776
3775	1	3776
3776	3	3779
3777	1	3778
3778	4	3782
3779	3	3782
3780	2	3782
3781	4	3785
3782	2	3784
3783	3	3786
3784	1	3785
3785	2	3787
3786	4	3790
3787	3	3790
3788	1	3789
3789	2	3791
3790	4	3794
3791	3	3794
3792	4	3796
3793	2	3795
3794	3	3797
3795	3	3798
3796	4	3800
3797	3	3800
3798	2	3800
3799	3	3802
3800	1	3801
3801	2	3803
3802	2	3804
3803	2	3805
3804	2	3806
3805	3	3808
3806	1	3807
3807	3	3810
3808	4	3812
3809	4	3813
3810	3	3813
3811	3	3814
3812	1	3813
3813	3	3816
3814	1	3815
3815	2	3817
3816	1	3817
3817	3	3820
3818	3	3821
3819	3	3822
3820	2	3822
3821	4	3825
3822	4	3826
3823	3	3826
3824	4	3828
3825	2	3827
3826	2	3828
3827	4	3831
3828	3	3831
3829	3	3832
3830	2	3832
3831	2	3833
3832	3	3835
3833	3	3836
3834	2	3836
3835	2	3837
3836	3	3839
3837	2	3839
3838	2	3840
3839	3	3842
3840	3	3843
3841	3	3844
3842	4	3846
3843	2	3845
3844	4	3848
3845	3	3848
3846	4	3850
3847	4	3851
3848	4	3852
3849	3	3852
3850	2	3852
3851	2	3853
3852	3	3855
3853	3	3856
3854	1	3855
3855	3	3858
3856	3	3859
3857	1	3858
3858	3	3861
3859	3	3862
3860	2	3862
3861	2	3863
3862	2	3864
3863	3	3866
3864	1	3865
3865	1	3866
3866	2	3868
3867	4	3871
3868	3	3871
3869	1	3870
3870	3	3873
3871	3	3874
3872	2	3874
3873	4	3877
3874	3	3877
3875	3	3878
3876	3	3879
3877	2	3879
3878	2	3880
3879	2	3881
3880	1	3881
3881	4	3885
3882	3	3885
3883	1	3884
3884	2	3886
3885	3	3888
3886	2	3888
3887	4	3891
3888	2	3890
3889	4	3893
3890	4	3894
3891	3	3894
3892	4	3896
3893	4	3897
3894	3	3897
3895	2	3897
3896	3	3899
3897	3	3900
3898	4	3902
3899	4	3903
3900	2	3902
3901	3	3904
3902	1	3903
3903	2	3905
3904	1	3905
3905	3	3908
3906	3	3909
3907	2	3909
3908	2	3910
3909	3	3912
3910	1	3911
3911	3	3914
3912	4	3916
3913	2	3915
3914	2	3916
3915	4	3919
3916	4	3920
3917	4	3921
3918	4	3922
3919	2	3921
3920	4	3924
3921	3	3924
3922	3	3925
3923	3	3926
3924	4	3928
3925	3	3928
3926	1	3927
3927	3	3930
3928	3	3931
3929	1	3930
3930	2	3932
3931	3	3934
3932	3	3935
3933	2	3935
3934	2	3936
3935	4	3939
3936	1	3937
3937	2	3939
3938	4	3942
3939	1	3940
3940	1	3941
3941	1	3942
3942	3	3945
3943	1	3944
3944	3	3947
3945	3	3948
3946	1	3947
3947	4	3951
3948	3	3951
3949	4	3953
3950	1	3951
3951	2	3953
3952	4	3956
3953	3	3956
3954	2	3956
3955	3	3958
3956	2	3958
3957	2	3959
3958	4	3962
3959	3	3962
3960	2	3962
3961	3	3964
3962	1	3963
3963	2	3965
3964	1	3965
3965	2	3967
3966	3	3969
3967	4	3971
3968	4	3972
3969	2	3971
3970	3	3973
3971	4	3975
3972	1	3973
3973	3	3976
3974	2	3976
3975	3	3978
3976	4	3980
3977	3	3980
3978	3	3981
3979	3	3982
3980	1	3981
3981	3	3984
3982	3	3985
3983	1	3984
3984	2	3986
3985	2	3987
3986	2	3988
3987	2	3989
3988	3	3991
3989	2	3991
3990	4	3994
3991	2	3993
3992	1	3993
3993	4	3997
3994	2	3996
3995	2	3997
3996	3	3999
3997	4	4001
3998	3	4001
3999	2	4001
4000	1	4001
4001	1	4002
4002	2	4004
4003	1	4004
4004	4	4008
4005	3	4008
4006	3	4009
4007	3	4010
4008	2	4010
4009	2	4011
4010	2	4012
4011	2	4013
4012	1	4013
4013	3	4016
4014	3	4017
4015	1	4016
4016	2	4018
4017	2	4019
4018	1	4019
4019	4	4023
4020	2	4022
4021	3	4024
4022	2	4024
4023	2	4025
4024	1	4025
4025	3	4028
4026	2	4028
4027	3	4030
4028	3	4031
4029	2	4031
4030	3	4033
4031	3	4034
4032	2	4034
4033	3	4036
4034	2	4036
4035	4	4039
4036	2	4038
4037	2	4039
4038	4	4042
4039	1	4040
4040	4	4044
4041	2	4043
4042	1	4043
4043	3	4046
4044	4	4048
4045	3	4048
4046	3	4049
4047	4	4051
4048	2	4050
4049	1	4050
4050	4	4054
4051	2	4053
4052	1	4053
4053	2	4055
4054	2	4056
4055	1	4056
4056	3	4059
4057	3	4060
4058	1	4059
4059	3	4062
4060	2	4062
4061	4	4065
4062	3	4065
4063	1	4064
4064	2	4066
4065	1	4066
4066	1	4067
4067	2	4069
4068	2	4070
4069	1	4070
4070	3	4073
4071	3	4074
4072	3	4075
4073	4	4077
4074	3	4077
4075	3	4078
4076	1	4077
4077	2	4079
4078	4	4082
4079	2	4081
4080	4	4084
4081	2	4083
4082	2	4084
4083	3	4086
4084	1	4085
4085	4	4089
4086	1	4087
4087	3	4090
4088	2	4090
4089	3	4092
4090	2	4092
4091	2	4093
4092	4	4096
4093	2	4095
4094	4	4098
4095	2	4097
4096	2	4098
4097	4	4101
4098	3	4101
4099	3	4102
4100	2	4102
4101	2	4103
4102	3	4105
4103	3	4106
4104	3	4107
4105	2	4107
4106	4	4110
4107	4	4111
4108	3	4111
4109	3	4112
4110	2	4112
4111	4	4115
4112	2	4114
4113	2	4115
4114	4	4118
4115	1	4116
4116	4	4120
4117	1	4118
4118	2	4120
4119	3	4122
4120	2	4122
4121	3	4124
4122	2	4124
4123	3	4126
4124	3	4127
4125	1	4126
4126	3	4129
4127	1	4128
4128	2	4130
4129	4	4133
4130	2	4132
4131	4	4135
4132	4	4136
4133	4	4137
4134	1	4135
4135	2	4137
4136	4	4140
4137	3	4140
4138	4	4142
4139	2	4141
4140	3	4143
4141	1	4142
4142	4	4146
4143	3	4146
4144	2	4146
4145	4	4149
4146	3	4149
4147	2	4149
4148	2	4150
4149	1	4150
4150	2	4152
4151	2	4153
4152	1	4153
4153	2	4155
4154	3	4157
4155	3	4158
4156	2	4158
4157	3	4160
4158	3	4161
4159	2	4161
4160	2	4162
4161	3	4164
4162	2	4164
4163	3	4166
4164	2	4166
4165	2	4167
4166	2	4168
4167	2	4169
4168	3	4171
4169	1	4170
4170	1	4171
4171	3	4174
4172	3	4175
4173	2	4175
4174	1	4175
4175	3	4178
4176	4	4180
4177	3	4180
4178	1	4179
4179	3	4182
4180	2	4182
4181	3	4184
4182	2	4184
4183	4	4187
4184	3	4187
4185	3	4188
4186	3	4189
4187	1	4188
4188	2	4190
4189	3	4192
4190	3	4193
4191	3	4194
4192	1	4193
4193	3	4196
4194	1	4195
4195	3	4198
4196	2	4198
4197	1	4198
4198	3	4201
4199	2	4201
4200	3	4203
4201	2	4203
4202	3	4205
4203	3	4206
4204	2	4206
4205	3	4208
4206	2	4208
4207	2	4209
4208	3	4211
4209	2	4211
4210	3	4213
4211	3	4214
4212	1	4213
4213	2	4215
4214	3	4217
4215	1	4216
4216	2	4218
4217	1	4218
4218	3	4221
4219	3	4222
4220	3	4223
4221	2	4223
4222	3	4225
4223	3	4226
4224	2	4226
4225	2	4227
4226	3	4229
4227	2	4229
4228	4	4232
4229	3	4232
4230	2	4232
4231	4	4235
4232	3	4235
4233	1	4234
4234	3	4237
4235	4	4239
4236	2	4238
4237	2	4239
4238	2	4240
4239	4	4243
4240	1	4241
4241	1	4242
4242	3	4245
4243	1	4244
4244	2	4246
4245	2	4247
4246	2	4248
4247	3	4250
4248	1	4249
4249	3	4252
4250	2	4252
4251	1	4252
4252	2	4254
4253	4	4257
4254	3	4257
4255	4	4259
4256	2	4258
4257	3	4260
4258	2	4260
4259	4	4263
4260	3	4263
4261	2	4263
4262	1	4263
4263	4	4267
4264	2	4266
4265	4	4269
4266	3	4269
4267	3	4270
4268	2	4270
4269	4	4273
4270	1	4271
4271	4	4275
4272	3	4275
4273	2	4275
4274	4	4278
4275	1	4276
4276	3	4279
4277	1	4278
4278	2	4280
4279	3	4282
4280	4	4284
4281	4	4285
4282	1	4283
4283	1	4284
4284	2	4286
4285	2	4287
4286	3	4289
4287	3	4290
4288	2	4290
4289	2	4291
4290	2	4292
4291	2	4293
4292	2	4294
4293	1	4294
4294	2	4296
4295	4	4299
4296	3	4299
4297	3	4300
4298	3	4301
4299	1	4300
4300	4	4304
4301	3	4304
4302	4	4306
4303	4	4307
4304	1	4305
4305	4	4309
4306	3	4309
4307	3	4310
4308	2	4310
4309	2	4311
4310	2	4312
4311	3	4314
4312	3	4315
4313	4	4317
4314	3	4317
4315	3	4318
4316	1	4317
4317	2	4319
4318	2	4320
4319	2	4321
4320	2	4322
4321	3	4324
4322	4	4326
4323	4	4327
4324	3	4327
4325	2	4327
4326	2	4328
4327	2	4329
4328	4	4332
4329	3	4332
4330	3	4333
4331	2	4333
4332	4	4336
4333	3	4336
4334	4	4338
4335	2	4337
4336	4	4340
4337	4	4341
4338	2	4340
4339	4	4343
4340	1	4341
4341	4	4345
4342	2	4344
4343	4	4347
4344	1	4345
4345	3	4348
4346	2	4348
4347	4	4351
4348	3	4351
4349	1	4350
4350	3	4353
4351	3	4354
4352	3	4355
4353	3	4356
4354	2	4356
4355	4	4359
4356	2	4358
4357	4	4361
4358	3	4361
4359	4	4363
4360	4	4364
4361	1	4362
4362	2	4364
4363	3	4366
4364	2	4366
4365	2	4367
4366	3	4369
4367	4	4371
4368	2	4370
4369	3	4372
4370	3	4373
4371	2	4373
4372	2	4374
4373	2	4375
4374	2	4376
4375	3	4378
4376	2	4378
4377	3	4380
4378	4	4382
4379	1	4380
4380	4	4384
4381	3	4384
4382	2	4384
4383	2	4385
4384	1	4385
4385	3	4388
4386	3	4389
4387	2	4389
4388	2	4390
4389	4	4393
4390	2	4392
4391	2	4393
4392	2	4394
4393	4	4397
4394	2	4396
4395	2	4397
4396	3	4399
4397	3	4400
4398	2	4400
4399	2	4401
4400	3	4403
4401	4	4405
4402	4	4406
4403	2	4405
4404	2	4406
4405	4	4409
4406	3	4409
4407	2	4409
4408	2	4410
4409	3	4412
4410	3	4413
4411	2	4413
4412	3	4415
4413	2	4415
4414	3	4417
4415	1	4416
4416	3	4419
4417	3	4420
4418	3	4421
4419	3	4422
4420	1	4421
4421	2	4423
4422	2	4424
4423	2	4425
4424	4	4428
4425	4	4429
4426	4	4430
4427	1	4428
4428	3	4431
4429	2	4431
4430	1	4431
4431	1	4432
4432	2	4434
4433	3	4436
4434	4	4438
4435	2	4437
4436	2	4438
4437	3	4440
4438	3	4441
4439	3	4442
4440	3	4443
4441	4	4445
4442	3	4445
4443	2	4445
4444	3	4447
4445	2	4447
4446	3	4449
4447	2	4449
4448	3	4451
4449	2	4451
4450	3	4453
4451	3	4454
4452	2	4454
4453	2	4455
4454	3	4457
4455	4	4459
4456	2	4458
4457	2	4459
4458	3	4461
4459	3	4462
4460	1	4461
4461	3	4464
4462	2	4464
4463	2	4465
4464	1	4465
4465	4	4469
4466	3	4469
4467	3	4470
4468	3	4471
4469	3	4472
4470	1	4471
4471	3	4474
4472	2	4474
4473	3	4476
4474	2	4476
4475	2	4477
4476	4	4480
4477	1	4478
4478	2	4480
4479	3	4482
4480	3	4483
4481	2	4483
4482	2	4484
4483	2	4485
4484	2	4486
4485	3	4488
4486	3	4489
4487	1	4488
4488	2	4490
4489	2	4491
4490	4	4494
4491	2	4493
4492	4	4496
4493	3	4496
4494	3	4497
4495	3	4498
4496	2	4498
4497	1	4498
4498	2	4500
4499	3	4502
4500	4	4504
4501	2	4503
4502	3	4505
4503	4	4507
4504	4	4508
4505	4	4509
4506	3	4509
4507	3	4510
4508	2	4510
4509	3	4512
4510	2	4512
4511	3	4514
4512	4	4516
4513	3	4516
4514	1	4515
4515	2	4517
4516	3	4519
4517	1	4518
4518	3	4521
4519	2	4521
4520	2	4522
4521	2	4523
4522	4	4526
4523	2	4525
4524	3	4527
4525	4	4529
4526	3	4529
4527	2	4529
4528	2	4530
4529	4	4533
4530	3	4533
4531	3	4534
4532	3	4535
4533	2	4535
4534	1	4535
4535	2	4537
4536	1	4537
4537	4	4541
4538	2	4540
4539	2	4541
4540	3	4543
4541	1	4542
4542	2	4544
4543	2	4545
4544	2	4546
4545	1	4546
4546	3	4549
4547	2	4549
4548	3	4551
4549	2	4551
4550	4	4554
4551	3	4554
4552	2	4554
4553	2	4555
4554	4	4558
4555	3	4558
4556	2	4558
4557	3	4560
4558	2	4560
4559	4	4563
4560	1	4561
4561	2	4563
4562	3	4565
4563	2	4565
4564	2	4566
4565	1	4566
4566	2	4568
4567	2	4569
4568	2	4570
4569	3	4572
4570	3	4573
4571	1	4572
4572	2	4574
4573	4	4577
4574	2	4576
4575	4	4579
4576	3	4579
4577	4	4581
4578	3	4581
4579	3	4582
4580	3	4583
4581	1	4582
4582	1	4583
4583	2	4585
4584	2	4586
4585	1	4586
4586	3	4589
4587	4	4591
4588	3	4591
4589	1	4590
4590	4	4594
4591	2	4593
4592	2	4594
4593	3	4596
4594	1	4595
4595	3	4598
4596	4	4600
4597	3	4600
4598	4	4602
4599	3	4602
4600	2	4602
4601	3	4604
4602	2	4604
4603	3	4606
4604	1	4605
4605	2	4607
4606	4	4610
4607	1	4608
4608	2	4610
4609	3	4612
4610	2	4612
4611	2	4613
4612	1	4613
4613	3	4616
4614	3	4617
4615	3	4618
4616	3	4619
4617	2	4619
4618	3	4621
4619	3	4622
4620	2	4622
4621	3	4624
4622	2	4624
4623	1	4624
4624	1	4625
4625	2	4627
4626	2	4628
4627	1	4628
4628	3	4631
4629	2	4631
4630	2	4632
4631	3	4634
4632	3	4635
4633	4	4637
4634	3	4637
4635	3	4638
4636	3	4639
4637	3	4640
4638	3	4641
4639	3	4642
4640	3	4643
4641	2	4643
4642	1	4643
4643	4	4647
4644	1	4645
4645	2	4647
4646	3	4649
4647	4	4651
4648	2	4650
4649	4	4653
4650	2	4652
4651	2	4653
4652	1	4653
4653	3	4656
4654	2	4656
4655	1	4656
4656	3	4659
4657	3	4660
4658	2	4660
4659	2	4661
4660	3	4663
4661	3	4664
4662	1	4663
4663	3	4666
4664	3	4667
4665	2	4667
4666	2	4668
4667	1	4668
4668	2	4670
4669	3	4672
4670	1	4671
4671	3	4674
4672	3	4675
4673	3	4676
4674	2	4676
4675	2	4677
4676	1	4677
4677	3	4680
4678	1	4679
4679	2	4681
4680	3	4683
4681	1	4682
4682	2	4684
4683	4	4687
4684	3	4687
4685	4	4689
4686	2	4688
4687	4	4691
4688	1	4689
4689	3	4692
4690	4	4694
4691	4	4695
4692	2	4694
4693	3	4696
4694	2	4696
4695	2	4697
4696	2	4698
4697	1	4698
4698	2	4700
4699	2	4701
4700	2	4702
4701	2	4703
4702	3	4705
4703	3	4706
4704	3	4707
4705	4	4709
4706	3	4709
4707	4	4711
4708	2	4710
4709	3	4712
4710	1	4711
4711	4	4715
4712	2	4714
4713	2	4715
4714	4	4718
4715	3	4718
4716	3	4719
4717	3	4720
4718	1	4719
4719	3	4722
4720	2	4722
4721	3	4724
4722	2	4724
4723	1	4724
4724	2	4726
4725	1	4726
4726	2	4728
4727	3	4730
4728	1	4729
4729	2	4731
4730	3	4733
4731	3	4734
4732	2	4734
4733	3	4736
4734	4	4738
4735	1	4736
4736	2	4738
4737	3	4740
4738	2	4740
4739	2	4741
4740	2	4742
4741	3	4744
4742	3	4745
4743	2	4745
4744	2	4746
4745	2	4747
4746	3	4749
4747	4	4751
4748	3	4751
4749	2	4751
4750	4	4754
4751	1	4752
4752	1	4753
4753	4	4757
4754	1	4755
4755	1	4756
4756	3	4759
4757	3	4760
4758	4	4762
4759	3	4762
4760	2	4762
4761	2	4763
4762	1	4763
4763	2	4765
4764	3	4767
4765	1	4766
4766	3	4769
4767	2	4769
4768	4	4772
4769	3	4772
4770	2	4772
4771	2	4773
4772	1	4773
4773	3	4776
4774	4	4778
4775	3	4778
4776	1	4777
4777	4	4781
4778	2	4780
4779	2	4781
4780	2	4782
4781	4	4785
4782	1	4783
4783	4	4787
4784	4	4788
4785	3	4788
4786	1	4787
4787	2	4789
4788	2	4790
4789	4	4793
4790	4	4794
4791	2	4793
4792	2	4794
4793	2	4795
4794	3	4797
4795	1	4796
4796	2	4798
4797	3	4800
4798	3	4801
4799	1	4800
4800	3	4803
4801	4	4805
4802	1	4803
4803	3	4806
4804	3	4807
4805	2	4807
4806	3	4809
4807	3	4810
4808	2	4810
4809	3	4812
4810	1	4811
4811	4	4815
4812	3	4815
4813	2	4815
4814	1	4815
4815	4	4819
4816	3	4819
4817	2	4819
4818	2	4820
4819	3	4822
4820	2	4822
4821	3	4824
4822	4	4826
4823	4	4827
4824	4	4828
4825	4	4829
4826	1	4827
4827	1	4828
4828	4	4832
4829	4	4833
4830	3	4833
4831	3	4834
4832	2	4834
4833	2	4835
4834	3	4837
4835	2	4837
4836	3	4839
4837	1	4838
4838	2	4840
4839	3	4842
4840	3	4843
4841	3	4844
4842	2	4844
4843	3	4846
4844	2	4846
4845	1	4846
4846	1	4847
4847	2	4849
4848	4	4852
4849	1	4850
4850	3	4853
4851	3	4854
4852	1	4853
4853	3	4856
4854	4	4858
4855	4	4859
4856	2	4858
4857	2	4859
4858	1	4859
4859	2	4861
4860	2	4862
4861	2	4863
4862	1	4863
4863	2	4865
4864	2	4866
4865	2	4867
4866	2	4868
4867	2	4869
4868	3	4871
4869	3	4872
4870	2	4872
4871	3	4874
4872	2	4874
4873	2	4875
4874	2	4876
4875	2	4877
4876	3	4879
4877	3	4880
4878	4	4882
4879	3	4882
4880	1	4881
4881	4	4885
4882	3	4885
4883	3	4886
4884	3	4887
4885	3	4888
4886	4	4890
4887	3	4890
4888	3	4891
4889	1	4890
4890	3	4893
4891	3	4894
4892	3	4895
4893	2	4895
4894	2	4896
4895	2	4897
4896	3	4899
4897	3	4900
4898	3	4901
4899	4	4903
4900	3	4903
4901	1	4902
4902	4	4906
4903	4	4907
4904	4	4908
4905	2	4907
4906	4	4910
4907	3	4910
4908	4	4912
4909	2	4911
4910	1	4911
4911	2	4913
4912	2	4914
4913	2	4915
4914	3	4917
4915	3	4918
4916	3	4919
4917	3	4920
4918	3	4921
4919	2	4921
4920	3	4923
4921	2	4923
4922	3	4925
4923	2	4925
4924	3	4927
4925	3	4928
4926	1	4927
4927	3	4930
4928	3	4931
4929	3	4932
4930	1	4931
4931	2	4933
4932	4	4936
4933	4	4937
4934	2	4936
4935	2	4937
4936	3	4939
4937	3	4940
4938	3	4941
4939	2	4941
4940	4	4944
4941	3	4944
4942	2	4944
4943	2	4945
4944	4	4948
4945	3	4948
4946	2	4948
4947	1	4948
4948	3	4951
4949	3	4952
4950	1	4951
4951	1	4952
4952	2	4954
4953	3	4956
4954	2	4956
4955	1	4956
4956	4	4960
4957	3	4960
4958	2	4960
4959	3	4962
4960	2	4962
4961	2	4963
4962	4	4966
4963	2	4965
4964	2	4966
4965	2	4967
4966	4	4970
4967	3	4970
4968	2	4970
4969	2	4971
4970	3	4973
4971	2	4973
4972	3	4975
4973	1	4974
4974	3	4977
4975	2	4977
4976	2	4978
4977	1	4978
4978	3	4981
4979	2	4981
4980	4	4984
4981	1	4982
4982	2	4984
4983	1	4984
4984	1	4985
4985	2	4987
4986	2	4988
4987	4	4991
4988	1	4989
4989	4	4993
4990	3	4993
4991	3	4994
4992	4	4996
4993	3	4996
4994	2	4996
4995	4	4999
4996	1	4997
4997	3	5000
4998	4	5002
4999	2	5001
5000	2	5002
